Training model for East North Central...
   changepoint_prior_scale  seasonality_prior_scale          mae         rmse  \
1                    0.001                     0.25  7571.590973  9823.395935   
0                    0.001                     0.10  7575.735271  9818.216782   
5                    0.001                     5.00  7694.550787  9837.044247   
4                    0.001                     2.00  7695.430570  9837.163021   
2                    0.001                     0.50  7719.988747  9840.740954   

       mase  
1  0.954987  
0  0.955510  
5  0.970496  
4  0.970607  
2  0.973704  

Training model for East South Central...
   changepoint_prior_scale  seasonality_prior_scale          mae         rmse  \
2                    0.001                     0.50  5047.577956  6507.132140   
0                    0.001                     0.10  5059.144564  6514.509222   
1                    0.001                     0.25  5071.066836  6531.760012   
5                    0.001                     5.00  5086.524597  6543.073924   
3                    0.001                     1.00  5087.072349  6543.778226   

       mase  
2  1.524862  
0  1.528356  
1  1.531958  
5  1.536627  
3  1.536793  

Training model for Mid-Atlantic...
    changepoint_prior_scale  seasonality_prior_scale          mae  \
6                     0.005                     0.10  6184.423349   
10                    0.005                     2.00  6189.985823   
7                     0.005                     0.25  6190.434430   
8                     0.005                     0.50  6190.493527   
9                     0.005                     1.00  6190.646092   

           rmse      mase  
6   7579.970951  2.913167  
10  7575.086077  2.915787  
7   7574.851718  2.915999  
8   7575.032428  2.916026  
9   7574.933404  2.916098  

Training model for Mountain...
    changepoint_prior_scale  seasonality_prior_scale          mae  \
33                    0.100                      1.0  4962.457813   
3                     0.001                      1.0  5938.298203   
2                     0.001                      0.5  5953.855874   
4                     0.001                      2.0  5958.640971   
5                     0.001                      5.0  5958.660450   

           rmse      mase  
33  8232.000759  1.569692  
3   7488.081644  1.878363  
2   7496.279776  1.883284  
4   7500.403813  1.884798  
5   7500.410596  1.884804  

Training model for New England...
   changepoint_prior_scale  seasonality_prior_scale          mae         rmse  \
5                    0.001                     5.00  2718.117166  3910.722500   
2                    0.001                     0.50  2718.241597  3910.198970   
1                    0.001                     0.25  2718.384104  3910.912993   
3                    0.001                     1.00  2718.798609  3910.008386   
4                    0.001                     2.00  2719.200214  3909.576782   

       mase  
5  1.088893  
2  1.088943  
1  1.089000  
3  1.089166  
4  1.089327  

Training model for Pacific...
    changepoint_prior_scale  seasonality_prior_scale           mae  \
35                      0.1                     5.00  13071.926981   
34                      0.1                     2.00  13153.352550   
31                      0.1                     0.25  13174.895924   
32                      0.1                     0.50  13304.522220   
33                      0.1                     1.00  14143.206628   

            rmse      mase  
35  20812.482417  1.951469  
34  20579.594717  1.963625  
31  21123.990554  1.966841  
32  20787.624986  1.986193  
33  19002.778576  2.111398  

Training model for South Atlantic...
    changepoint_prior_scale  seasonality_prior_scale           mae  \
34                      0.1                     2.00  15595.210903   
35                      0.1                     5.00  15824.448206   
32                      0.1                     0.50  16179.930964   
30                      0.1                     0.10  16560.285416   
31                      0.1                     0.25  16738.540024   

            rmse      mase  
34  22961.130057  1.496651  
35  23337.708909  1.518650  
32  23798.153111  1.552765  
30  24400.716961  1.589268  
31  24614.388463  1.606374  

Training model for West North Central...
   changepoint_prior_scale  seasonality_prior_scale          mae         rmse  \
0                    0.001                      0.1  3412.232471  4091.529819   
2                    0.001                      0.5  3537.296906  4240.595953   
3                    0.001                      1.0  3537.673448  4240.760340   
4                    0.001                      2.0  3546.216255  4248.951849   
5                    0.001                      5.0  3563.719320  4265.475350   

       mase  
0  1.090705  
2  1.130681  
3  1.130801  
4  1.133532  
5  1.139127  

Training model for West South Central...
    changepoint_prior_scale  seasonality_prior_scale          mae  \
26                    0.050                     0.50  7337.507497   
0                     0.001                     0.10  7396.806646   
1                     0.001                     0.25  7412.527726   
3                     0.001                     1.00  7413.903284   
4                     0.001                     2.00  7414.075509   

           rmse      mase  
26  9628.896707  1.661419  
0   9808.130227  1.674846  
1   9824.331406  1.678405  
3   9824.728607  1.678717  
4   9824.951015  1.678756  

--- 59.66 seconds ---
