Training model for East North Central...
    p  d  q          mae           mse         rmse      mase           aic
23  2  0  3  7889.156943  9.707672e+07  9852.751893  0.961703  17131.992120
42  4  0  2  7900.419198  9.664764e+07  9830.953228  0.963076  17051.397716
34  3  0  4  7904.963624  9.666994e+07  9832.087516  0.963630  17025.549225
24  2  0  4  7970.034690  9.729958e+07  9864.054778  0.971562  17049.070061
41  4  0  1  7972.111878  9.755457e+07  9876.971545  0.971816  17151.671077

Training model for East South Central...
    p  d  q          mae           mse         rmse      mase           aic
25  2  1  0  4100.586175  3.931950e+07  6270.526571  1.201053  15888.369006
17  1  1  2  4102.991181  3.905376e+07  6249.300746  1.201757  15718.642597
15  1  1  0  4111.912767  4.313143e+07  6567.452027  1.204370  16023.282731
27  2  1  2  4120.189032  3.799600e+07  6164.089889  1.206794  15718.410139
18  1  1  3  4124.173113  3.785240e+07  6152.430456  1.207961  15720.673963

Training model for Mid-Atlantic...
    p  d  q          mae           mse         rmse      mase           aic
42  4  0  2  4750.262836  3.777813e+07  6146.391875  2.221875  15454.931175
14  1  0  4  4751.765126  3.844761e+07  6200.613886  2.222578  15473.773065
34  3  0  4  4755.654497  3.847251e+07  6202.621089  2.224397  15486.252596
24  2  0  4  4756.998255  3.846912e+07  6202.348124  2.225026  15485.367437
23  2  0  3  4757.137285  3.842342e+07  6198.662747  2.225091  15479.641345

Training model for Mountain...
    p  d  q          mae           mse         rmse      mase           aic
48  4  1  3  4106.432875  4.424310e+07  6651.548885  1.303946  15754.744148
45  4  1  0  4338.668809  5.040136e+07  7099.391691  1.377690  15962.569513
9   0  1  4  4338.989020  5.070078e+07  7120.447808  1.377791  15819.144333
27  2  1  2  4339.336575  5.180141e+07  7197.319752  1.377902  15812.411195
35  3  1  0  4339.425883  5.063142e+07  7115.576097  1.377930  15961.004203

Training model for New England...
    p  d  q          mae           mse         rmse      mase           aic
49  4  1  4  2768.471782  1.912160e+07  4372.825118  1.091530  15394.427498
8   0  1  3  2826.397754  1.865914e+07  4319.623100  1.114369  15678.216242
9   0  1  4  2826.782753  1.877577e+07  4333.101230  1.114520  15648.830708
19  1  1  4  2827.082591  1.885824e+07  4342.607869  1.114639  15650.304821
18  1  1  3  2827.572503  1.914943e+07  4376.005831  1.114832  15643.365969

Training model for Pacific...
    p  d  q           mae           mse          rmse      mase           aic
13  1  0  3  12448.720173  3.001278e+08  17324.197473  1.840744  17209.346688
17  1  1  2  12454.390600  3.544583e+08  18827.063254  1.841582  17297.727710
23  2  0  3  12470.600298  2.975169e+08  17248.677918  1.843979  17196.002752
26  2  1  1  12476.046304  3.562706e+08  18875.131288  1.844784  17244.046955
27  2  1  2  12476.767085  3.557268e+08  18860.720418  1.844891  17243.404551

Training model for South Atlantic...
    p  d  q           mae           mse          rmse      mase           aic
13  1  0  3  12711.584440  3.248232e+08  18022.851519  1.172824  17674.458257
24  2  0  4  12866.064894  3.251267e+08  18031.271108  1.187077  17635.314329
33  3  0  3  12902.998777  3.680246e+08  19183.966280  1.190485  17701.026001
41  4  0  1  12976.852818  3.308252e+08  18188.601593  1.197299  17776.639797
23  2  0  3  12979.495492  3.255274e+08  18042.376866  1.197543  17646.382068

Training model for West North Central...
    p  d  q          mae           mse         rmse      mase           aic
45  4  1  0  3251.406554  1.840069e+07  4289.602754  0.991467  15792.483235
35  3  1  0  3332.836872  2.213065e+07  4704.322680  1.016298  15859.019317
25  2  1  0  3411.143429  2.378729e+07  4877.221556  1.040176  15906.524564
6   0  1  1  3486.162393  1.631626e+07  4039.338952  1.063052  15833.721746
15  1  1  0  3521.136291  2.540631e+07  5040.467112  1.073717  15942.783352

Training model for West South Central...
    p  d  q          mae           mse         rmse      mase           aic
14  1  0  4  5945.157492  5.599564e+07  7483.023639  1.304629  16464.521474
41  4  0  1  5961.901520  5.629934e+07  7503.288472  1.308303  16528.491746
24  2  0  4  5984.634480  5.640702e+07  7510.460845  1.313292  16452.729732
13  1  0  3  6005.250400  5.672375e+07  7531.517196  1.317816  16535.835996
42  4  0  2  6014.610759  5.676967e+07  7534.565146  1.319870  16521.751731

--- 133.88 seconds ---
