D = 0

Training model for East North Central...
   P  Q           mae          rmse      mase           aic
5  2  3   8249.500242  11458.108923  1.040490  17807.832787
6  3  1   8488.631685  11468.662869  1.070651  17806.018882
8  3  3   9645.981766  13011.975084  1.216625  17809.898636
7  3  2  10507.659022  13904.688432  1.325307  17808.605927
0  1  1  11067.020142  14522.049364  1.395857  17803.544593

Training model for East South Central...
   P  Q          mae         rmse      mase           aic
5  2  3  3825.838737  6262.257486  1.155777  16564.524744
4  2  2  3932.646476  6418.782131  1.188043  16562.536620
8  3  3  3951.020204  6442.653952  1.193594  16566.321622
6  3  1  4029.071533  6519.651711  1.217173  16563.143443
7  3  2  4503.715443  7030.792746  1.360562  16565.901897

Training model for Mid-Atlantic... *
   P  Q          mae         rmse      mase           aic
0  1  1  5386.870075  6771.722315  2.537480  16140.860442
1  1  2  5389.469739  6795.050487  2.538705  16139.418338
4  2  2  5389.733927  6780.725142  2.538829  16144.813969
3  2  1  5394.488771  6789.977885  2.541069  16138.525828
2  1  3  5404.795297  6697.018188  2.545924  16135.089949

Training model for Mountain... *
   P  Q          mae         rmse      mase           aic
1  1  2  4274.302448  7135.337141  1.352019  16598.802044
2  1  3  4313.927874  7368.726394  1.364553  16600.855105
7  3  2  4318.387039  7253.855832  1.365963  16601.942066
5  2  3  4324.883933  7273.463419  1.368018  16601.502094
3  2  1  4337.462415  7391.293945  1.371997  16598.767041

Training model for New England... *
   P  Q          mae         rmse      mase           aic
6  3  1  3897.237102  4591.507758  1.561255  16384.737066
1  1  2  3976.113134  4649.571158  1.592854  16424.377070
3  2  1  3990.132327  4661.132572  1.598470  16423.164995
7  3  2  4030.689214  4691.573077  1.614717  16426.897003
4  2  2  4030.950396  4691.746385  1.614822  16424.889492

Training model for Pacific...
   P  Q           mae          rmse      mase           aic
8  3  3  15142.918108  23562.557472  2.260642  17821.643346
0  1  1  16335.765477  24721.624219  2.438718  17853.242496
1  1  2  16941.422831  25419.333979  2.529135  17823.896085
7  3  2  16959.787698  25440.314270  2.531877  17819.545026
3  2  1  17033.926526  25550.875271  2.542945  17844.656147

Training model for South Atlantic...
   P  Q           mae          rmse      mase           aic
8  3  3  13739.476262  21928.632957  1.318558  18515.674560
0  1  1  18709.431919  26864.958683  1.795518  18564.973106
3  2  1  18774.671265  26996.443334  1.801779  18520.661637
6  3  1  18891.995314  27161.148537  1.813038  18524.128329
5  2  3  19075.815526  27397.916540  1.830679  18517.348460


Training model for West North Central... * D = 1
   P  Q          mae         rmse      mase           aic
0  1  1  3273.818448  4166.985280  1.046461  16238.495227
1  1  2  3323.189910  4232.302109  1.062243  16227.280463
7  3  2  3340.531317  4248.030579  1.067786  16229.291633
4  2  2  3378.854649  4282.529773  1.080036  16228.890297
3  2  1  3388.127839  4306.774889  1.083000  16226.266121

Training model for West South Central...
   P  Q          mae         rmse      mase           aic
8  3  3  5319.607076  7090.898369  1.204509  17305.486359
7  3  2  6121.488062  8384.761233  1.386077  17300.202630
5  2  3  6241.389726  8494.772735  1.413227  17300.427629
6  3  1  6293.078300  8637.212740  1.424930  17299.237931
3  2  1  6302.560855  8617.588550  1.427077  17297.625666
--- 3413.94 seconds ---


D = 1
Training model for East North Central...
  P  Q          mae         rmse      mase           aic
7  3  2  7060.160859  9096.389268  0.890482  17275.093386
1  1  2  7069.039344  9100.448774  0.891601  17275.600626
3  2  1  7127.689975  9178.574565  0.898999  17273.699938
4  2  2  7208.235171  9287.909212  0.909158  17275.432783
6  3  1  7315.981746  9437.566051  0.922748  17275.196761

Training model for East South Central...
ntel MKL WARNING: Support of Intel(R) Streaming SIMD Extensions 4.2 (Intel(R) SSE4.2) enabled only processors has been deprecated. Intel oneAPI Math Kernel Library 2025.0 will require Intel(R) Advanced Vector Extensions (Intel(R) AVX) instructions.
   P  Q          mae         rmse      mase           aic
5  2  3  3034.714568  4647.377769  0.916780  16416.143075
2  1  3  3036.773143  4650.830597  0.917402  16414.498134
4  2  2  3037.605736  4649.446711  0.917654  16414.504262
6  3  1  3037.726454  4644.425370  0.917690  16414.063586
1  1  2  3039.464374  4650.496553  0.918215  16412.530826

Training model for Mid-Atlantic...
   P  Q          mae         rmse      mase           aic
6  3  1  5686.361172  7067.999452  2.678555  16112.321060
0  1  1  5868.390923  8171.877372  2.764300  16134.957657
7  3  2  5878.689507  8124.846527  2.769151  16125.033917
8  3  3  6147.340333  8671.960873  2.895699  16128.861227
4  2  2  6362.155590  8986.450591  2.996888  16125.196158

Training model for Mountain...
  P  Q          mae         rmse      mase           aic
5  2  3  6767.990355  8988.239719  2.140806  16431.881386
1  1  2  7055.183425  9290.740306  2.231649  16428.770689
2  1  3  7444.673109  9656.852930  2.354849  16430.677396
7  3  2  7562.667916  9773.240882  2.392173  16431.005667
3  2  1  7750.961926  9946.223991  2.451733  16429.063229

Training model for New England...
   P  Q          mae         rmse      mase           aic
7  3  2  3332.864913  4510.810390  1.335165  16191.410742
5  2  3  3341.468866  4504.770101  1.338611  16191.510893
4  2  2  3342.471766  4503.036782  1.339013  16189.513291
8  3  3  3343.797223  4498.302375  1.339544  16193.507875
6  3  1  3347.051312  4496.534951  1.340848  16189.516547

Training model for Pacific...
  P  Q           mae          rmse      mase           aic
4  2  2  10558.693091  16991.735376  1.576276  17525.872580
3  2  1  10892.742225  17739.313326  1.626145  17582.836788
1  1  2  11124.830000  17947.412287  1.660793  17566.132761
0  1  1  12413.985234  16860.271242  1.853247  17528.101452
2  1  3  13204.728499  16942.917176  1.971295  17464.406686

Training model for South Atlantic...
  P  Q           mae          rmse      mase           aic
2  1  3  11963.117386  16709.636331  1.148084  18469.487778
5  2  3  13100.755785  17219.027096  1.257261  18462.698333
8  3  3  13360.445790  17384.133946  1.282183  18464.554312
1  1  2  14687.648444  21205.182528  1.409553  18500.244854
3  2  1  14693.419873  21211.775368  1.410107  18508.885442

Training model for West North Central...
  P  Q          mae         rmse      mase           aic
5  2  3  3318.142365  4135.798880  1.060629  16225.797964
8  3  3  3444.906522  4381.936434  1.101149  16223.524516
4  2  2  3552.041067  4478.285689  1.135394  16227.129679
7  3  2  3601.093630  4531.540903  1.151073  16223.360767
2  1  3  3603.234950  4505.683987  1.151758  16226.106243

Training model for West South Central...
   P  Q          mae         rmse      mase           aic
7  3  2  5763.024831  7372.645289  1.304911  17120.433825
3  2  1  5771.350733  7373.719869  1.306797  17117.978937
1  1  2  5772.056237  7374.204898  1.306956  17118.035524
2  1  3  5795.834323  7404.800278  1.312340  17119.341398
4  2  2  5796.655888  7407.186712  1.312526  17119.241090

--- 1669.58 seconds ---
