Training model for East North Central...
   Learning Rate N Estimators Depth          MAE         RMSE      MASE
9            0.1        250.0   3.0  1088.069898  2612.277755  0.465927
12           0.1        500.0   3.0  1088.069898  2612.277755  0.465927
15           0.1       1000.0   3.0  1088.069898  2612.277755  0.465927
0           0.05        250.0   3.0  1093.288052   2545.13196  0.468162
3           0.05        500.0   3.0  1093.288052   2545.13196  0.468162
6           0.05       1000.0   3.0  1093.288052   2545.13196  0.468162
24          0.15       1000.0   3.0   1112.01395  2463.898546   0.47618
21          0.15        500.0   3.0   1112.01395  2463.898546   0.47618
18          0.15        250.0   3.0   1112.01395  2463.898546   0.47618
22          0.15        500.0   4.0  1167.918727  3066.028454  0.500119
19          0.15        250.0   4.0  1167.918727  3066.028454  0.500119
25          0.15       1000.0   4.0  1167.918727  3066.028454  0.500119
1           0.05        250.0   4.0  1195.211392  3015.952765  0.511807
4           0.05        500.0   4.0  1195.211392  3015.952765  0.511807
7           0.05       1000.0   4.0  1195.211392  3015.952765  0.511807
16           0.1       1000.0   4.0  1214.997825  2949.350828  0.520279
13           0.1        500.0   4.0  1214.997825  2949.350828  0.520279
10           0.1        250.0   4.0  1214.997825  2949.350828  0.520279
17           0.1       1000.0   5.0  1505.622367  3650.605329  0.644729
11           0.1        250.0   5.0  1505.622367  3650.605329  0.644729
14           0.1        500.0   5.0  1505.622367  3650.605329  0.644729
8           0.05       1000.0   5.0  1654.863871  3876.317584  0.708636
5           0.05        500.0   5.0  1654.863871  3876.317584  0.708636
2           0.05        250.0   5.0  1654.863871  3876.317584  0.708636
20          0.15        250.0   5.0   1758.89809  3938.471474  0.753185
23          0.15        500.0   5.0   1758.89809  3938.471474  0.753185
26          0.15       1000.0   5.0   1758.89809  3938.471474  0.753185


Training model for East South Central...
   Learning Rate N Estimators Depth         MAE         RMSE      MASE
13           0.1        500.0   4.0   758.68286  1962.707615  0.563682
16           0.1       1000.0   4.0   758.68286  1962.707615  0.563682
10           0.1        250.0   4.0   758.68286  1962.707615  0.563682
15           0.1       1000.0   3.0  788.348699   1965.72806  0.585723
12           0.1        500.0   3.0  788.348699   1965.72806  0.585723
9            0.1        250.0   3.0  788.348699   1965.72806  0.585723
0           0.05        250.0   3.0  802.390334  2146.121672  0.596155
6           0.05       1000.0   3.0  802.390334  2146.121672  0.596155
3           0.05        500.0   3.0  802.390334  2146.121672  0.596155
24          0.15       1000.0   3.0  804.191791  2040.078257  0.597494
21          0.15        500.0   3.0  804.191791  2040.078257  0.597494
18          0.15        250.0   3.0  804.191791  2040.078257  0.597494
7           0.05       1000.0   4.0  807.172316  2018.438573  0.599708
1           0.05        250.0   4.0  807.172316  2018.438573  0.599708
4           0.05        500.0   4.0  807.172316  2018.438573  0.599708
19          0.15        250.0   4.0  838.240222  2277.095618  0.622791
22          0.15        500.0   4.0  838.240222  2277.095618  0.622791
25          0.15       1000.0   4.0  838.240222  2277.095618  0.622791
14           0.1        500.0   5.0  857.705273  2140.526019  0.637253
11           0.1        250.0   5.0  857.705273  2140.526019  0.637253
17           0.1       1000.0   5.0  857.705273  2140.526019  0.637253
20          0.15        250.0   5.0  861.226133  2265.585684  0.639869
23          0.15        500.0   5.0  861.226133  2265.585684  0.639869
26          0.15       1000.0   5.0  861.226133  2265.585684  0.639869
2           0.05        250.0   5.0  905.095254  2243.334378  0.672463
5           0.05        500.0   5.0  905.095254  2243.334378  0.672463
8           0.05       1000.0   5.0  905.095254  2243.334378  0.672463


Training model for Mid-Atlantic...
   Learning Rate N Estimators Depth          MAE         RMSE      MASE
9            0.1        250.0   3.0  1585.307033  2872.618161  0.639089
12           0.1        500.0   3.0  1585.307033  2872.618161  0.639089
15           0.1       1000.0   3.0  1585.307033  2872.618161  0.639089
0           0.05        250.0   3.0  1796.533463  3194.955719  0.724241
3           0.05        500.0   3.0  1796.533463  3194.955719  0.724241
6           0.05       1000.0   3.0  1796.533463  3194.955719  0.724241
1           0.05        250.0   4.0  1883.062739  3539.962937  0.759124
4           0.05        500.0   4.0  1883.062739  3539.962937  0.759124
7           0.05       1000.0   4.0  1883.062739  3539.962937  0.759124
22          0.15        500.0   4.0  1907.402048   3708.93206  0.768936
19          0.15        250.0   4.0  1907.402048   3708.93206  0.768936
25          0.15       1000.0   4.0  1907.402048   3708.93206  0.768936
24          0.15       1000.0   3.0  1986.338217  3593.282641  0.800758
21          0.15        500.0   3.0  1986.338217  3593.282641  0.800758
18          0.15        250.0   3.0  1986.338217  3593.282641  0.800758
16           0.1       1000.0   4.0  1989.412662  3721.684103  0.801997
13           0.1        500.0   4.0  1989.412662  3721.684103  0.801997
10           0.1        250.0   4.0  1989.412662  3721.684103  0.801997
17           0.1       1000.0   5.0  2077.818067  3879.701708  0.837636
11           0.1        250.0   5.0  2077.818067  3879.701708  0.837636
14           0.1        500.0   5.0  2077.818067  3879.701708  0.837636
20          0.15        250.0   5.0  2188.591674   4045.96341  0.882293
23          0.15        500.0   5.0  2188.591674   4045.96341  0.882293
26          0.15       1000.0   5.0  2188.591674   4045.96341  0.882293
8           0.05       1000.0   5.0  2262.854538  4234.734645   0.91223
5           0.05        500.0   5.0  2262.854538  4234.734645   0.91223
2           0.05        250.0   5.0  2262.854538  4234.734645   0.91223


Training model for Mountain...
   Learning Rate N Estimators Depth         MAE         RMSE      MASE
0           0.05        250.0   3.0  574.434547   1689.30951  0.551725
3           0.05        500.0   3.0  574.434547   1689.30951  0.551725
6           0.05       1000.0   3.0  574.434547   1689.30951  0.551725
15           0.1       1000.0   3.0  586.294599  1691.060979  0.563116
12           0.1        500.0   3.0  586.294599  1691.060979  0.563116
9            0.1        250.0   3.0  586.294599  1691.060979  0.563116
1           0.05        250.0   4.0  610.283571   1704.66135  0.586157
4           0.05        500.0   4.0  614.229255  1714.873906  0.589946
7           0.05       1000.0   4.0  614.229255  1714.873906  0.589946
16           0.1       1000.0   4.0  615.035652   1708.68561  0.590721
13           0.1        500.0   4.0  615.035652   1708.68561  0.590721
10           0.1        250.0   4.0  615.035652   1708.68561  0.590721
18          0.15        250.0   3.0  615.847246    1773.0151    0.5915
21          0.15        500.0   3.0  615.847246    1773.0151    0.5915
24          0.15       1000.0   3.0  615.847246    1773.0151    0.5915
11           0.1        250.0   5.0  615.903626  1633.846392  0.591555
14           0.1        500.0   5.0  615.903626  1633.846392  0.591555
17           0.1       1000.0   5.0  615.903626  1633.846392  0.591555
20          0.15        250.0   5.0  628.886708  1645.692749  0.604024
23          0.15        500.0   5.0  628.886708  1645.692749  0.604024
26          0.15       1000.0   5.0  628.886708  1645.692749  0.604024
8           0.05       1000.0   5.0  646.738165  1694.512548   0.62117
5           0.05        500.0   5.0  646.738165  1694.512548   0.62117
2           0.05        250.0   5.0  646.738165  1694.512548   0.62117
25          0.15       1000.0   4.0  697.818141  1772.666159  0.670231
19          0.15        250.0   4.0  697.818141  1772.666159  0.670231
22          0.15        500.0   4.0  697.818141  1772.666159  0.670231


Training model for New England...
   Learning Rate N Estimators Depth         MAE         RMSE      MASE
24          0.15       1000.0   3.0  366.837463  1136.903547  0.383061
21          0.15        500.0   3.0  366.837463  1136.903547  0.383061
18          0.15        250.0   3.0  366.837463  1136.903547  0.383061
9            0.1        250.0   3.0  379.241923  1167.492661  0.396015
15           0.1       1000.0   3.0  379.241923  1167.492661  0.396015
12           0.1        500.0   3.0  379.241923  1167.492661  0.396015
17           0.1       1000.0   5.0  384.579568  1177.161703  0.401588
11           0.1        250.0   5.0  384.579568  1177.161703  0.401588
14           0.1        500.0   5.0  384.579568  1177.161703  0.401588
0           0.05        250.0   3.0  385.144948  1216.170901  0.402179
3           0.05        500.0   3.0  385.144948  1216.170901  0.402179
6           0.05       1000.0   3.0  385.144948  1216.170901  0.402179
23          0.15        500.0   5.0  388.353882  1093.707607  0.405529
20          0.15        250.0   5.0  388.353882  1093.707607  0.405529
26          0.15       1000.0   5.0  388.353882  1093.707607  0.405529
7           0.05       1000.0   4.0  390.458621  1156.048115  0.407727
4           0.05        500.0   4.0  390.458621  1156.048115  0.407727
1           0.05        250.0   4.0  390.458621  1156.048115  0.407727
10           0.1        250.0   4.0  410.040847  1267.303216  0.428176
16           0.1       1000.0   4.0  410.040847  1267.303216  0.428176
13           0.1        500.0   4.0  410.040847  1267.303216  0.428176
8           0.05       1000.0   5.0  411.403819  1185.693994  0.429599
5           0.05        500.0   5.0  411.403819  1185.693994  0.429599
2           0.05        250.0   5.0  411.403819  1185.693994  0.429599
19          0.15        250.0   4.0  434.344616  1392.569135  0.453554
22          0.15        500.0   4.0  434.344616  1392.569135  0.453554
25          0.15       1000.0   4.0  434.344616  1392.569135  0.453554


Training model for Pacific...
   Learning Rate N Estimators Depth          MAE         RMSE      MASE
1           0.05        250.0   4.0   2247.20887  6777.873179  0.499174
4           0.05        500.0   4.0   2247.20887  6777.873179  0.499174
7           0.05       1000.0   4.0   2247.20887  6777.873179  0.499174
13           0.1        500.0   4.0   2410.01278  6923.839904  0.535338
16           0.1       1000.0   4.0   2410.01278  6923.839904  0.535338
10           0.1        250.0   4.0   2410.01278  6923.839904  0.535338
0           0.05        250.0   3.0  2422.664453  7210.003075  0.538148
3           0.05        500.0   3.0  2422.664453  7210.003075  0.538148
6           0.05       1000.0   3.0  2422.664453  7210.003075  0.538148
15           0.1       1000.0   3.0  2466.850487  7146.852761  0.547963
9            0.1        250.0   3.0  2466.850487  7146.852761  0.547963
12           0.1        500.0   3.0  2466.850487  7146.852761  0.547963
25          0.15       1000.0   4.0  2644.758188  8327.450402  0.587482
22          0.15        500.0   4.0  2644.758188  8327.450402  0.587482
19          0.15        250.0   4.0  2644.758188  8327.450402  0.587482
24          0.15       1000.0   3.0  2704.181129  7754.623555  0.600681
21          0.15        500.0   3.0  2704.181129  7754.623555  0.600681
18          0.15        250.0   3.0  2704.181129  7754.623555  0.600681
20          0.15        250.0   5.0  2704.678023   8830.48376  0.600792
26          0.15       1000.0   5.0  2704.678023   8830.48376  0.600792
23          0.15        500.0   5.0  2704.678023   8830.48376  0.600792
14           0.1        500.0   5.0  2953.655354  9387.370397  0.656097
11           0.1        250.0   5.0  2953.655354  9387.370397  0.656097
17           0.1       1000.0   5.0  2953.655354  9387.370397  0.656097
5           0.05        500.0   5.0  2971.133593  9719.030943   0.65998
8           0.05       1000.0   5.0  2971.133593  9719.030943   0.65998
2           0.05        250.0   5.0  2971.133593  9719.030943   0.65998


Training model for South Atlantic...
   Learning Rate N Estimators Depth          MAE         RMSE      MASE
13           0.1        500.0   4.0  1105.204627  3747.479698  0.399701
10           0.1        250.0   4.0  1105.204627  3747.479698  0.399701
16           0.1       1000.0   4.0  1105.204627  3747.479698  0.399701
17           0.1       1000.0   5.0  1137.114353  3764.318614  0.411241
11           0.1        250.0   5.0  1137.114353  3764.318614  0.411241
14           0.1        500.0   5.0  1137.114353  3764.318614  0.411241
5           0.05        500.0   5.0  1146.882885  3701.383782  0.414774
2           0.05        250.0   5.0  1146.882885  3701.383782  0.414774
8           0.05       1000.0   5.0  1146.882885  3701.383782  0.414774
22          0.15        500.0   4.0  1158.176499  3746.177088  0.418858
19          0.15        250.0   4.0  1158.176499  3746.177088  0.418858
25          0.15       1000.0   4.0  1158.176499  3746.177088  0.418858
4           0.05        500.0   4.0  1182.110666  3938.968514  0.427514
7           0.05       1000.0   4.0  1182.110666  3938.968514  0.427514
1           0.05        250.0   4.0  1182.110666  3938.968514  0.427514
23          0.15        500.0   5.0  1258.579487  4957.614344  0.455169
20          0.15        250.0   5.0  1258.579487  4957.614344  0.455169
26          0.15       1000.0   5.0  1258.579487  4957.614344  0.455169
18          0.15        250.0   3.0  1342.696463  4271.489869  0.485591
21          0.15        500.0   3.0  1342.696463  4271.489869  0.485591
24          0.15       1000.0   3.0  1342.696463  4271.489869  0.485591
6           0.05       1000.0   3.0  1387.102835  4379.679075   0.50165
3           0.05        500.0   3.0  1387.102835  4379.679075   0.50165
0           0.05        250.0   3.0  1387.102835  4379.679075   0.50165
12           0.1        500.0   3.0  1424.866696   4396.97461  0.515308
9            0.1        250.0   3.0  1424.866696   4396.97461  0.515308
15           0.1       1000.0   3.0  1424.866696   4396.97461  0.515308


Training model for West North Central...
   Learning Rate N Estimators Depth         MAE         RMSE      MASE
9            0.1        250.0   3.0   481.49994  1667.504762  0.479735
15           0.1       1000.0   3.0   481.49994  1667.504762  0.479735
12           0.1        500.0   3.0   481.49994  1667.504762  0.479735
0           0.05        250.0   3.0  500.768872  1753.359888  0.498933
3           0.05        500.0   3.0  500.768872  1753.359888  0.498933
6           0.05       1000.0   3.0  500.768872  1753.359888  0.498933
24          0.15       1000.0   3.0  513.894725  1828.767257  0.512011
21          0.15        500.0   3.0  513.894725  1828.767257  0.512011
18          0.15        250.0   3.0  513.894725  1828.767257  0.512011
1           0.05        250.0   4.0  540.519048  1785.482739  0.538537
4           0.05        500.0   4.0  540.519048  1785.482739  0.538537
7           0.05       1000.0   4.0  540.519048  1785.482739  0.538537
16           0.1       1000.0   4.0  543.206801  1816.451243  0.541215
13           0.1        500.0   4.0  543.206801  1816.451243  0.541215
10           0.1        250.0   4.0  543.206801  1816.451243  0.541215
8           0.05       1000.0   5.0  547.022663  1858.186634  0.545017
5           0.05        500.0   5.0  547.022663  1858.186634  0.545017
2           0.05        250.0   5.0  547.022663  1858.186634  0.545017
19          0.15        250.0   4.0  573.202507  1879.899957  0.571101
22          0.15        500.0   4.0  573.202507  1879.899957  0.571101
25          0.15       1000.0   4.0  573.202507  1879.899957  0.571101
20          0.15        250.0   5.0  592.778554  2092.352288  0.590605
23          0.15        500.0   5.0  592.778554  2092.352288  0.590605
26          0.15       1000.0   5.0  592.778554  2092.352288  0.590605
14           0.1        500.0   5.0  603.804609   2016.03097  0.601591
11           0.1        250.0   5.0  603.804609   2016.03097  0.601591
17           0.1       1000.0   5.0  603.804609   2016.03097  0.601591


Training model for West South Central...
   Learning Rate N Estimators Depth          MAE         RMSE      MASE
0           0.05        250.0   3.0  1092.942553  2683.651982  0.266506
3           0.05        500.0   3.0  1092.942553  2683.651982  0.266506
6           0.05       1000.0   3.0  1092.942553  2683.651982  0.266506
15           0.1       1000.0   3.0   1355.31526  3610.576592  0.330483
12           0.1        500.0   3.0   1355.31526  3610.576592  0.330483
9            0.1        250.0   3.0   1355.31526  3610.576592  0.330483
16           0.1       1000.0   4.0  1592.130543  3331.366096  0.388229
10           0.1        250.0   4.0  1592.130543  3331.366096  0.388229
13           0.1        500.0   4.0  1592.130543  3331.366096  0.388229
7           0.05       1000.0   4.0   1642.58077   3504.83437  0.400531
4           0.05        500.0   4.0   1642.58077   3504.83437  0.400531
1           0.05        250.0   4.0   1642.58077   3504.83437  0.400531
22          0.15        500.0   4.0  1750.587376  4099.443477  0.426868
19          0.15        250.0   4.0  1750.587376  4099.443477  0.426868
25          0.15       1000.0   4.0  1750.587376  4099.443477  0.426868
17           0.1       1000.0   5.0  1779.579783  4127.965789  0.433937
14           0.1        500.0   5.0  1779.579783  4127.965789  0.433937
11           0.1        250.0   5.0  1779.579783  4127.965789  0.433937
8           0.05       1000.0   5.0  1797.941158  4060.593021  0.438414
5           0.05        500.0   5.0  1797.941158  4060.593021  0.438414
2           0.05        250.0   5.0  1797.941158  4060.593021  0.438414
20          0.15        250.0   5.0  1824.429533  4142.214696  0.444873
23          0.15        500.0   5.0  1824.429533  4142.214696  0.444873
26          0.15       1000.0   5.0  1824.429533  4142.214696  0.444873
18          0.15        250.0   3.0  2943.352028  7461.228784  0.717714
21          0.15        500.0   3.0  2943.352028  7461.228784  0.717714
24          0.15       1000.0   3.0  2943.352028  7461.228784  0.717714


--- 194.14 seconds ---
