Optimizing Params for East North Central...
lstm_units  batch_size          mae         rmse      mase
3          50          16  5031.576265  6557.197247  0.573107
6         100          16  5598.096710  7213.823511  0.637634
0          20          16  5608.615817  7598.866552  0.638833
4          50          32  5635.200837  7687.808954  0.641861
7         100          32  5757.537020  7608.887718  0.655795

Optimized Params for East South Central...
   lstm_units  batch_size          mae         rmse      mase
6         100          16  1591.651398  2652.325011  0.433034
3          50          16  1663.009761  2600.391054  0.452448
7         100          32  1921.930946  2752.702286  0.522891
4          50          32  2034.614552  3153.711547  0.553549
0          20          16  2097.425582  3054.366409  0.570637

Optimized Params for Mid-Atlantic...
   lstm_units  batch_size          mae         rmse      mase
3          50          16  2985.094580  4687.261383  1.288900
5          50          64  3199.906290  4897.599891  1.381651
4          50          32  3486.123058  5223.302426  1.505234
8         100          64  4257.275636  5716.589246  1.838201
6         100          16  4606.145997  6257.107824  1.988836

Optimized Params for Mountain...
   lstm_units  batch_size          mae         rmse      mase
7         100          32  2661.427632  4221.059952  0.785104
6         100          16  2698.823608  4229.200536  0.796135
3          50          16  2747.440478  4309.054213  0.810477
4          50          32  2902.810468  4435.376427  0.856310
0          20          16  2956.100771  4234.028028  0.872030

Optimized Params for New England...
   lstm_units  batch_size          mae         rmse      mase
1          20          32  4875.219848  5651.660525  1.777012
2          20          64  5650.665917  6377.204025  2.059662
4          50          32  5688.206215  6410.204519  2.073345
5          50          64  6932.292074  7606.641403  2.526813
6         100          16  7108.321668  7659.610349  2.590976

Optimized Params for Pacific...
   lstm_units  batch_size           mae          rmse      mase
6         100          16   9331.587099  13717.334735  1.284012
3          50          16   9593.862700  15075.918458  1.320101
7         100          32  10097.959088  15522.762549  1.389463
8         100          64  10831.489629  16177.312560  1.490396
0          20          16  10841.362270  16975.105000  1.491755

Optimized Params for South Atlantic...
   lstm_units  batch_size          mae         rmse      mase
7         100          32  6127.311307  9073.485286  0.521852
6         100          16  6166.709452  9301.642587  0.525207
0          20          16  6419.660325  9695.614896  0.546751
3          50          16  6455.780255  9652.063199  0.549827
4          50          32  6585.817754  9966.360554  0.560902

Optimized Params for West North Central...
   lstm_units  batch_size          mae         rmse      mase
3          50          16  1879.222692  3116.069680  0.539882
7         100          32  1929.128828  3095.692854  0.554219
0          20          16  1981.863202  3270.907260  0.569369
4          50          32  2044.743931  3145.828028  0.587434
6         100          16  2090.270643  3388.421561  0.600513

Optimized Params for West South Central...
   lstm_units  batch_size          mae         rmse      mase
3          50          16  3334.674680  4628.418387  0.677242
6         100          16  3489.579966  4734.709558  0.708702
0          20          16  3729.242677  4969.729352  0.757375
2          20          64  3762.719908  5039.335649  0.764174
7         100          32  4576.089414  5829.354919  0.929362