Optimizing model for East North Central...
    p  d  q          aic           mae          rmse       mase
16  7  1  6  6982.954622  12035.333637  18227.537400  10.328787
3   5  1  5  7056.676994  12209.724045  18246.101883  10.643855
15  7  1  5  6985.651253  12241.418127  18438.527141  10.724529
0   5  0  5  7146.893061  12120.350335  17988.017502  10.724555
4   5  1  6  7050.338045  12247.419032  18261.521007  10.739680

Optimizing model for East South Central...
    p  d  q          aic          mae         rmse      mase
11  6  1  7  6790.221655  6605.106570  9744.704952  9.337044
5   5  1  7  6794.041918  6638.081589  9772.836613  9.405205
16  7  1  6  6785.374468  6734.852818  9874.060139  9.435097
17  7  1  7  6789.915749  6701.122900  9849.819934  9.451376
10  6  1  6  6790.088328  6711.819767  9850.787080  9.453827

Optimizing model for Mid-Atlantic...
    p  d  q          aic           mae          rmse       mase
14  7  0  7  6716.728144  10767.576972  15526.857988  12.690799
12  7  0  5  6721.780961  11220.561511  16115.675323  13.095256
7   6  0  6  6725.355331  11405.793584  16327.028659  13.240611
6   6  0  5  6729.112172  11387.058591  16256.799913  13.336611
8   6  0  7  6722.323211  11520.679814  16447.979903  13.341959

Optimizing model for Mountain...
    p  d  q          aic          mae         rmse       mase
15  7  1  5  6574.022992  6602.304648  9734.443126  11.982738
17  7  1  7  6570.730331  6631.858309  9769.683424  12.088149
10  6  1  6  6573.329592  6715.222628  9839.204945  12.160597
16  7  1  6  6574.218985  6674.363284  9802.292962  12.166334
4   5  1  6  6583.374286  6725.371596  9860.131947  12.198195

Optimizing model for New England...
    p  d  q          aic          mae         rmse      mase
3   5  1  5  7196.969432  3899.964971  6729.004129  3.783793
16  7  1  6  6571.929327  4085.263610  6583.390544  5.517425
10  6  1  6  6572.611388  4125.927216  6619.392867  5.581883
17  7  1  7  6565.399343  4089.487368  6601.352681  5.586774
5   5  1  7  6594.429044  4129.540114  6578.857183  5.594451

Optimizing model for Pacific...
    p  d  q          aic           mae          rmse       mase
6   6  0  5  7127.392337  14525.483856  22940.855479  13.619061
17  7  1  7  7085.832361  14747.407950  23106.777917  13.626400
11  6  1  7  7085.660233  14768.340984  23188.191095  13.628037
0   5  0  5  7156.056583  14576.084613  22851.659656  13.657605
3   5  1  5  7106.768105  14879.153708  23296.031213  13.685586

Optimizing model for South Atlantic...
    p  d  q          aic           mae          rmse       mase
15  7  1  5  7464.528543  20381.893555  31664.826566  11.101596
9   6  1  5  7463.340607  20390.776033  31671.122780  11.154852
2   5  0  7  7511.771227  19724.169093  30837.954076  11.166578
4   5  1  6  7477.298089  20356.263102  31629.870250  11.172817
3   5  1  5  7477.858861  20435.286290  31723.659398  11.189254

Optimizing model for West North Central...
    p  d  q          aic          mae         rmse      mase
5   5  1  7  6776.715523  5311.623594  8380.822002  6.933730
4   5  1  6  6776.593900  5310.369170  8389.654995  7.090651
3   5  1  5  6794.633625  5342.526298  8389.794483  7.137661
11  6  1  7  6750.386899  5327.386068  8403.067653  7.158807
16  7  1  6  6754.646097  5329.907250  8414.761138  7.163272

Optimizing model for West South Central...
    p  d  q          aic           mae          rmse       mase
4   5  1  6  7399.626801  13569.342026  19297.273357  12.188932
0   5  0  5  7425.067128  12910.397918  18570.481628  12.204805
12  7  0  5  7415.962015  12728.773020  18370.947208  12.206386
3   5  1  5  7397.694865  13663.878737  19370.221857  12.220895
9   6  1  5  7393.798812  13718.791859  19401.824451  12.222187
