parameter tuning with feature subset 

Training model for East North Central...
    Learning Rate  N Estimators  Depth          MAE         RMSE      MASE
57           0.25         500.0    4.0  1097.010623  1879.995811  0.463037
53           0.25         250.0    4.0  1097.010623  1879.995811  0.463037
49           0.25         100.0    4.0  1097.010623  1879.995811  0.463037
45           0.25          50.0    4.0  1097.010623  1879.995811  0.463037
41           0.25          25.0    4.0  1097.010623  1879.995811  0.463037


Training model for East South Central...
    Learning Rate  N Estimators  Depth         MAE         RMSE      MASE
49           0.25         100.0    4.0  836.056756  1816.917984  0.612953
57           0.25         500.0    4.0  836.056756  1816.917984  0.612953
41           0.25          25.0    4.0  836.056756  1816.917984  0.612953
45           0.25          50.0    4.0  836.056756  1816.917984  0.612953
53           0.25         250.0    4.0  836.056756  1816.917984  0.612953


Training model for Mid-Atlantic...
    Learning Rate  N Estimators  Depth          MAE         RMSE      MASE
61           0.25         100.0    3.0  1809.372422  2969.774846  0.701387
71           0.25         500.0    3.0  1809.372422  2969.774846  0.701387
56           0.25          50.0    3.0  1809.372422  2969.774846  0.701387
66           0.25         250.0    3.0  1809.372422  2969.774846  0.701387
51           0.25          25.0    3.0  1809.372422  2969.774846  0.701387


Training model for Mountain...
    Learning Rate  N Estimators  Depth         MAE         RMSE      MASE
50           0.25          25.0    2.0  670.934808  1482.171504  0.650545
55           0.25          50.0    2.0  670.934808  1482.171504  0.650545
60           0.25         100.0    2.0  670.934808  1482.171504  0.650545
65           0.25         250.0    2.0  670.934808  1482.171504  0.650545
70           0.25         500.0    2.0  670.934808  1482.171504  0.650545


Training model for New England...
    Learning Rate  N Estimators  Depth         MAE        RMSE      MASE
64           0.25         100.0    NaN  379.355681  1026.37422  0.393879
59           0.25          50.0    NaN  379.355681  1026.37422  0.393879
54           0.25          25.0    NaN  379.355681  1026.37422  0.393879
69           0.25         250.0    NaN  379.355681  1026.37422  0.393879
74           0.25         500.0    NaN  379.355681  1026.37422  0.393879


Training model for Pacific...
    Learning Rate  N Estimators  Depth          MAE         RMSE      MASE
63           0.25         100.0    8.0  3047.695341  6409.644505  0.664206
68           0.25         250.0    8.0  3047.695341  6409.644505  0.664206
73           0.25         500.0    8.0  3047.695341  6409.644505  0.664206
53           0.25          25.0    8.0  3047.695341  6409.644505  0.664206
58           0.25          50.0    8.0  3047.695341  6409.644505  0.664206


Training model for South Atlantic...
    Learning Rate  N Estimators  Depth          MAE         RMSE      MASE
49            0.1         500.0    NaN  1318.063946  2996.506563  0.476237
34            0.1          50.0    NaN  1318.063946  2996.506563  0.476237
39            0.1         100.0    NaN  1318.063946  2996.506563  0.476237
29            0.1          25.0    NaN  1318.063946  2996.506563  0.476237
44            0.1         250.0    NaN  1318.063946  2996.506563  0.476237


Training model for West North Central...
    Learning Rate  N Estimators  Depth         MAE         RMSE      MASE
74           0.25         500.0    NaN  585.927187  1674.458464  0.577477
54           0.25          25.0    NaN  585.927187  1674.458464  0.577477
64           0.25         100.0    NaN  585.927187  1674.458464  0.577477
59           0.25          50.0    NaN  585.927187  1674.458464  0.577477
69           0.25         250.0    NaN  585.927187  1674.458464  0.577477


Training model for West South Central...
    Learning Rate  N Estimators  Depth          MAE         RMSE    MASE
61            0.5          25.0    4.0  1505.623759  2968.154409  0.3679
77            0.5         500.0    4.0  1505.623759  2968.154409  0.3679
65            0.5          50.0    4.0  1505.623759  2968.154409  0.3679
73            0.5         250.0    4.0  1505.623759  2968.154409  0.3679
69            0.5         100.0    4.0  1505.623759  2968.154409  0.3679


--- 198.86 seconds ---
